340-385

Brosch, Jos. W. ‚ . . 16, 146, 24.
Β116611661161, 11666. 16, 8, 35.
Β111361, 11666. 32.

6611661611, Paul. 13, 146143, 16,17.
Chlistovsky, Rob. 4, 13, 33, 34,
Claudi, Frider. 143.

Czerny, 166. 3, 12, 146, 16, 26, 31.
Czcrny, Leop. 116, 13, 21.
szuchaiek, Wenc. 6, 143, 23, 33.
Czoerny, Joh. 116,

663116, 166. 6, 23.

1161616, 11666. 16, 6, 146, 23, 306.
61611166, 166. 16, 33, 34.

1116666, Joh. 10, 146, 186, 33.
11661611, Jos. 5, 146, 16, 27, 376.
11666161, Ant. 8, 17.

1116611161, 11666, Carol. 143, 16, 23, 28.
Draud, Joh. Ferd. 16.

1116111, . . . 31.

Draut, 1616. 24, 28.

Draut, Joannes Ferd. 23. ’
1166666166 116, 13, 146, 146, 28,
11666611, 16666. 2, 9, 23, 33
116666616661661. llb, 143, 396, 33,

16666666, 166. 3, 6, 141, 143, 226.
16666666, Joh. Frider. 33.

1661616, Jacob. 146.

16166661361, 166. 146, 141, 33, 376.
1611166, . . . 28, 35.

Ehrlich, Philipp. 13, 146, 143.
116611, Joh. Nep. 4, 16, 226, 24, 26.
116161, 11666. 143, 23, 28.
16361661, 32, 33.

16361, Α61. 11666. 146, 25, 35.
16361,11666661 9, 143.

163161, Joh. lb, 10, 23.

16131, Leop. 146, 146, 31.

161611666161, Jos. 13, 226, 28, 33.

1166161, Α61ο6. 16, 13, 143, 226, 28.

1166661, 666161 36,

1166661, 166166 3, 146, 146,143,186,
24, 28, 31, 34.

Fischer, Leop. 13.

Fischer, T. . . . 9.

116661, 666166 146, 28.
Fodermayer, Franc. 24, 29, 33.
1666611, Joseph. 143, 24.
Frank, Salamon 10, 146.

1116611613, Adolph. de 5, 27, 28, 34, Ι

1116661. , . Joh. 29, 31.
111666, 166. 146, 24, 29, 31.
111161. . . . 13.

111161, 1116. 16.

16666666, 36.

16666666, 13661. 16.

6666, isidor. 146, 146, 32, 36.
6616161, Α . . . . 9, 141, 23, 33.
61166616, . . . 16, 143.

61166616, 16631 146, 141.

6166166113, 16, 33.

Gliiekselig, Μ6116 Α63661. 3, 116, 141.
6611, . , . 16.

6611, 1466166. 10, 146, 23, 24, 33.
61666661, 13661, 146, 143.

6166, 136. Alexand. 116, 143.
616666, 66161. 3, 33.

616661, S . . . 146, 33.

61116661, 1666. 32.

61116661, Isidorus 36.

6111611616, Andreas 15, 23, 24, 33.
616636, C. . . . 7, 16.

Η666, Jos. 16, 3, 23, 28, 34, 36.
Η666, Μ66111. 143.

11666, Philippus 146, l8b.

Haass, W. . . 3.

116116, 166. 23, 35.

1166661361, . . . 16.

Η661661361, 166. 23.

Η661661361, Wolsg. 10, 146,146,226.
Η66161616111,. . . 5.

6661611166. 13, 23 34.

116661, 166. Μ11. 33.

Hanger, Anton. 143, 28.

11661, 166. Mil. 12, 15, 226.

Haupt, Jos. 16, 146, 141, 23, 28, 31.
Hauschka, Aioys. 146, 15, 186.
1161161, 166, 6631, 146, 16.

11616611, . . . 16.

11616611, Jos. la, lb, 17, 26.
11613166, 11666. 16, 16, 23, 28.

146

 

